function out = getMeeusData(ID)
%GETMEEUSDATA Returns Meeus Coefficents for Planetary State Calculation
%
%   Assumptions/Warnings:
%   	1. None
%   - - - - - - - - - - - - - - - - - - - - - - - - - - - - - - - - - - - -
%   Refernces:
%   	1. J. Meeus, Astronomical Algorithms. Richmond, VA: William-Bell,
%   	   Inc., First English ed., 1991.
%       2. ASEN6008 Professor Kate Davis
%   - - - - - - - - - - - - - - - - - - - - - - - - - - - - - - - - - - - -
%   Inputs:
%       1. ID [1x1] Planet ID (1-9 Including Pluto)
%   - - - - - - - - - - - - - - - - - - - - - - - - - - - - - - - - - - - -
%   Outputs:
%       1. out [6x4] Coefficients for Meeus Method Calculation
%                    Cols: [a0 a1 a2 a3];
%                    Rows:
%                       L  (deg) - Mean longitude of the Planet
%                       a  (AU)  - Semimajor axis of the orbit
%                       e        - Eccentricity of the orbit
%                       i  (deg) - Inclination of the orbit
%                       O  (deg) - Longitude of the Ascending Node
%                       II (deg) - Longitude of the Perihelion

    noData = 0.00;

    % Mercury
    OE(:,:,1) = [252.250906 149472.6746358 -0.00000535 0.000000002;
    0.387098310 noData       noData        noData;
    0.20563175  0.000020406 -0.0000000284 -0.00000000017;
    7.004986   -0.0059516    0.00000081    0.000000041;
    48.330893  -0.1254229   -0.00008833   -0.000000196;
    77.456119   0.1588643   -0.00001343    0.000000039];

    % Venus
    OE(:,:,2) = [181.979801 58517.8156760 0.00000165 -0.000000002;
    0.72332982  noData      noData       noData;
    0.00677188 -0.000047766 0.0000000975 0.00000000044;
    3.394662   -0.0008568  -0.00003244   0.000000010;
    76.679920  -0.2780080  -0.00014256  -0.000000198;
    131.563707  0.0048646  -0.00138232  -0.000005332];

    % Earth
    OE(:,:,3) = [100.466449 35999.3728519 -0.00000568 0.0;
    1.000001018  noData       noData       noData;
    0.01670862  -0.000042037 -0.0000001236 0.00000000004;
    0            0.0130546   -0.00000931  -0.000000034;
    174.873174  -0.2410908    0.00004067  -0.000001327;
    102.937348   0.3225557    0.00015026   0.000000478];

    % Mars
    OE(:,:,4) = [355.433275 19140.2993313 0.00000261 -0.000000003;
    1.523679342 noData       noData         noData;
    0.09340062  0.000090483 -0.0000000806  -0.00000000035;
    1.849726   -0.0081479   -0.00002255    -0.000000027;
    49.558093  -0.2949846   -0.00063993    -0.000002143;
    336.060234  0.4438898   -0.00017321     0.000000300];

    % Jupiter
    OE(:,:,5) = [34.351484 3034.9056746 -0.00008501 0.000000004;
    5.202603191 0.0000001913  noData         noData;
    0.04849485  0.000163244  -0.0000004719  -0.00000000197;
    1.303270   -0.0019872     0.00003318     0.000000092;
    100.464441  0.1766828     0.00090387    -0.000007032;
    14.331309   0.2155525     0.00072252    -0.000004590];

    % Saturn
    OE(:,:,6) = [50.077471 1222.1137943 0.00021004 -0.000000019;
    9.554909596 -0.0000021389  noData       noData;
    0.05550862  -0.000346818  -0.0000006456 0.00000000338;
    2.488878     0.0025515    -0.00004903   0.000000018;
    113.665524  -0.2566649    -0.00018345   0.000000357;
    93.056787    0.5665496     0.00052809   0.000004882];

    % Uranus
    OE(:,:,7) = [314.055005 429.8640561 0.00030434 0.000000026;
    19.218446062 -0.0000000372  0.00000000098  0.0;
    0.04629590   -0.000027337   0.0000000790   0.00000000025;
    0.773196      0.0007744     0.00003749    -0.000000092;
    74.005947     0.5211258     0.00133982     0.000018516;
    173.005159    1.4863784     0.0021450      0.000000433];

    % Neptune
    OE(:,:,8) = [304.348665 219.8833092 0.00030926 0.000000018;
    30.110386869  -0.0000001663  0.00000000069  0.0;
    0.00898809     0.000006408  -0.0000000008  -0.00000000005;
    1.769952      -0.0093082    -0.00000708     0.000000028;
    131.784057     1.1022057     0.00026006    -0.000000636;
    48.123691      1.4262677     0.00037918    -0.000000003];

    % Pluto
    OE(:,:,9) = [238.92903833 145.20780515 0.0 0.0;
    39.48211675  -0.00031596 0.0 0.0;
    0.24882730    0.00005170 0.0 0.0;
    17.14001206   0.00004818 0.0 0.0;
    110.30393684 -0.01183482 0.0 0.0;
    224.06891629 -0.04062942 0.0 0.0];

    out = OE(:,:,ID);
end

